 21,12,240,12,240,37,21,37,unlabelled
 129,248,253,248,253,288,129,288,unlabelled
 65,312,236,312,236,340,65,340,unlabelled
 325,304,346,304,346,329,325,329,unlabelled
 702,297,727,297,727,322,702,322,unlabelled
 508,241,630,241,630,279,508,279,unlabelled
 47,369,104,369,104,388,47,388,unlabelled
 36,389,319,389,319,407,36,407,unlabelled
 108,409,158,409,158,426,108,426,unlabelled
 200,408,235,408,235,427,200,427,unlabelled
 283,404,347,404,347,424,283,424,unlabelled
 284,445,346,445,346,465,284,465,unlabelled
 38,446,98,446,98,466,38,466,unlabelled
 37,482,158,482,158,502,37,502,unlabelled
 323,485,345,485,345,501,323,501,unlabelled
 39,504,150,504,150,524,39,524,unlabelled
 32,523,118,523,118,543,32,543,unlabelled
 283,523,345,523,345,542,283,542,unlabelled
 313,503,343,503,343,521,313,521,unlabelled
 38,565,77,565,77,599,38,599,unlabelled
 37,604,95,604,95,620,37,620,unlabelled
 118,603,182,603,182,623,118,623,unlabelled
 283,566,348,566,348,600,283,600,unlabelled
 286,601,346,601,346,620,286,620,unlabelled
 37,682,326,682,326,700,37,700,unlabelled
 38,701,342,701,342,719,38,719,unlabelled
 37,722,119,722,119,739,37,739,unlabelled
 127,723,134,723,134,736,127,736,unlabelled
 142,722,346,722,346,739,142,739,unlabelled
 38,742,75,742,75,760,38,760,unlabelled
 85,743,92,743,92,760,85,760,unlabelled
 98,742,143,742,143,762,98,762,unlabelled
 159,741,203,741,203,761,159,761,unlabelled
 253,758,346,758,346,778,253,778,unlabelled
 37,783,112,783,112,801,37,801,unlabelled
 120,784,284,784,284,803,120,803,unlabelled
 57,803,225,803,225,819,57,819,unlabelled
 35,763,221,763,221,779,35,779,unlabelled
 428,358,485,358,485,376,428,376,unlabelled
 418,383,582,383,582,400,418,400,unlabelled
 488,403,540,403,540,419,488,419,unlabelled
 583,399,616,399,616,418,583,418,unlabelled
 664,397,728,397,728,417,664,417,unlabelled
 416,438,480,438,480,457,416,457,unlabelled
 664,437,727,437,727,457,664,457,unlabelled
 706,477,729,477,729,494,706,494,unlabelled
 692,496,726,496,726,515,692,515,unlabelled
 662,520,727,520,727,536,662,536,unlabelled
 419,518,499,518,499,534,419,534,unlabelled
 421,497,531,497,531,518,421,518,unlabelled
 419,476,540,476,540,495,419,495,unlabelled
 414,557,459,557,459,592,414,592,unlabelled
 419,594,524,594,524,614,419,614,unlabelled
 417,619,479,619,479,651,417,651,unlabelled
 666,558,729,558,729,592,666,592,unlabelled
 657,597,731,597,731,614,657,614,unlabelled
 663,619,728,619,728,651,663,651,unlabelled
 418,674,726,674,726,691,418,691,unlabelled
 418,693,727,693,727,711,418,711,unlabelled
 419,713,553,713,553,733,419,733,unlabelled
 418,791,709,791,709,810,418,810,unlabelled
 417,812,727,812,727,828,417,828,unlabelled
 418,830,515,830,515,848,418,848,unlabelled
 525,830,728,830,728,849,525,849,unlabelled
 419,850,474,850,474,868,419,868,unlabelled
 482,850,524,850,524,868,482,868,unlabelled
 544,850,585,850,585,870,544,870,unlabelled
 419,871,606,871,606,888,419,888,unlabelled
 637,869,729,869,729,886,637,886,unlabelled
 418,890,496,890,496,907,418,907,unlabelled
 504,888,668,888,668,908,504,908,unlabelled
 438,909,607,909,607,927,438,927,unlabelled
 162,1152,308,1152,308,1177,162,1177,unlabelled
 394,1154,599,1154,599,1201,394,1201,unlabelled
 199,1205,562,1205,562,1243,199,1243,unlabelled
 639,1201,681,1201,681,1245,639,1245,unlabelled
 390,1250,677,1250,677,1293,390,1293,unlabelled
 297,1292,576,1292,576,1315,297,1315,unlabelled
 430,1319,629,1319,629,1339,430,1339,unlabelled
 559,1351,793,1351,793,1369,559,1369,unlabelled
 556,1371,784,1371,784,1389,556,1389,unlabelled
 562,1392,780,1392,780,1409,562,1409,unlabelled
 557,1413,884,1413,884,1436,557,1436,unlabelled
 273,1373,511,1373,511,1403,273,1403,unlabelled
 133,1358,217,1358,217,1376,133,1376,unlabelled
 751,1317,806,1317,806,1339,751,1339,unlabelled
 722,1292,803,1292,803,1315,722,1315,unlabelled
 731,1271,806,1271,806,1289,731,1289,unlabelled
 721,1247,805,1247,805,1268,721,1268,unlabelled
 765,1176,886,1176,886,1200,765,1200,unlabelled
 762,1154,888,1154,888,1174,762,1174,unlabelled
 931,1290,961,1290,961,1307,931,1307,unlabelled
 991,1289,1038,1289,1038,1307,991,1307,unlabelled
 1020,1334,1066,1334,1066,1352,1020,1352,unlabelled
 942,1246,1055,1246,1055,1260,942,1260,unlabelled
 990,1267,1061,1267,1061,1285,990,1285,unlabelled
 938,1223,962,1223,962,1240,938,1240,unlabelled
 998,1222,1055,1222,1055,1240,998,1240,unlabelled
 1103,1178,1124,1178,1124,1197,1103,1197,unlabelled
 932,1179,1021,1179,1021,1196,932,1196,unlabelled
 873,1091,1017,1091,1017,1109,873,1109,unlabelled
 870,1071,978,1071,978,1088,870,1088,unlabelled
 833,1047,890,1047,890,1066,833,1066,unlabelled
 832,1026,864,1026,864,1042,832,1042,unlabelled
 873,1025,919,1025,919,1042,873,1042,unlabelled
 936,1026,967,1026,967,1043,936,1043,unlabelled
 978,1024,995,1024,995,1042,978,1042,unlabelled
 1016,1023,1054,1023,1054,1042,1016,1042,unlabelled
 1061,1028,1139,1028,1139,1042,1061,1042,unlabelled
 833,1004,966,1004,966,1020,833,1020,unlabelled
 828,982,975,982,975,1002,828,1002,unlabelled
 1035,979,1112,979,1112,999,1035,999,unlabelled
 833,947,889,947,889,980,833,980,unlabelled
 938,925,993,925,993,939,938,939,unlabelled
 1080,924,1139,924,1139,939,1080,939,unlabelled
 1022,948,1137,948,1137,979,1022,979,unlabelled
 945,903,974,903,974,916,945,916,unlabelled
 1083,901,1110,901,1110,919,1083,919,unlabelled
 1041,882,1137,882,1137,897,1041,897,unlabelled
 1040,860,1119,860,1119,877,1040,877,unlabelled
 916,856,991,856,991,875,916,875,unlabelled
 934,879,975,879,975,895,934,895,unlabelled
 830,902,907,902,907,920,830,920,unlabelled
 830,924,890,924,890,941,830,941,unlabelled
 829,879,887,879,887,895,829,895,unlabelled
 830,857,906,857,906,875,830,875,unlabelled
 840,838,887,838,887,852,840,852,unlabelled
 1060,834,1099,834,1099,852,1060,852,unlabelled
 1051,813,1098,813,1098,829,1051,829,unlabelled
 1039,790,1118,790,1118,808,1039,808,unlabelled
 1078,768,1136,768,1136,785,1078,785,unlabelled
 1068,746,1136,746,1136,763,1068,763,unlabelled
 1010,727,1135,727,1135,743,1010,743,unlabelled
 914,723,990,723,990,743,914,743,unlabelled
 915,748,1011,748,1011,765,915,765,unlabelled
 826,749,904,749,904,765,826,765,unlabelled
 828,771,903,771,903,788,828,788,unlabelled
 915,771,984,771,984,785,915,785,unlabelled
 829,792,904,792,904,810,829,810,unlabelled
 827,813,896,813,896,832,827,832,unlabelled
 825,726,902,726,902,744,825,744,unlabelled
 826,704,864,704,864,719,826,719,unlabelled
 874,704,894,704,894,719,874,719,unlabelled
 827,680,901,680,901,698,827,698,unlabelled
 954,684,1138,684,1138,699,954,699,unlabelled
 828,663,1133,663,1133,678,828,678,unlabelled
 829,637,922,637,922,655,829,655,unlabelled
 990,638,1134,638,1134,656,990,656,unlabelled
 828,618,1134,618,1134,636,828,636,unlabelled
 836,575,1112,575,1112,591,836,591,unlabelled
 922,515,1016,515,1016,549,922,549,unlabelled
 902,488,1055,488,1055,509,902,509,unlabelled
 823,447,1132,447,1132,464,823,464,unlabelled
 862,380,1095,380,1095,398,862,398,unlabelled
 848,333,1096,333,1096,376,848,376,unlabelled
 895,286,1050,286,1050,322,895,322,unlabelled
 193,170,234,170,234,208,193,208,unlabelled
 537,162,579,162,579,200,537,200,unlabelled
 969,148,1006,148,1006,195,969,195,unlabelled
