 722,690,924,690,924,714,722,714,unlabelled
 938,702,1012,702,1012,726,938,726,unlabelled
 1112,728,1126,728,1126,754,1112,754,unlabelled
 898,732,1016,732,1016,756,898,756,unlabelled
 726,740,802,740,802,761,726,761,unlabelled
 834,779,1018,779,1018,801,834,801,unlabelled
 726,776,764,776,764,800,726,800,unlabelled
 724,840,1019,840,1019,856,724,856,unlabelled
 738,818,1003,818,1003,837,738,837,unlabelled
 779,858,973,858,973,876,779,876,unlabelled
 724,890,997,890,997,910,724,910,unlabelled
 147,144,346,144,346,206,147,206,unlabelled
 795,802,947,802,947,816,795,816,unlabelled
 803,876,935,876,935,887,803,887,unlabelled
 418,423,421,423,421,425,418,425,unlabelled
 724,713,798,713,798,732,724,732,unlabelled
 791,169,816,169,816,195,791,195,unlabelled
 703,197,964,197,964,231,703,231,unlabelled
 253,256,280,256,280,288,253,288,unlabelled
 705,293,731,293,731,324,705,324,unlabelled
 152,341,377,341,377,360,152,360,unlabelled
 155,393,226,393,226,411,155,411,unlabelled
 154,430,227,430,227,453,154,453,unlabelled
 153,472,273,472,273,490,153,490,unlabelled
 155,515,256,515,256,537,155,537,unlabelled
 464,458,644,458,644,487,464,487,unlabelled
 409,414,540,414,540,449,409,449,unlabelled
 542,408,738,408,738,454,542,454,unlabelled
 400,380,707,380,707,400,400,400,unlabelled
 401,362,490,362,490,380,401,380,unlabelled
 796,646,944,646,944,668,796,668,unlabelled
 727,668,967,668,967,693,727,693,unlabelled
 381,191,658,191,658,230,381,230,unlabelled
 408,336,649,336,649,358,408,358,unlabelled
 671,335,837,335,837,366,671,366,unlabelled
 407,281,683,281,683,324,407,324,unlabelled
 741,219,748,219,748,219,741,219,unlabelled
 1101,236,1116,236,1116,271,1101,271,unlabelled
