 166,173,292,173,292,212,166,212,unlabelled
 361,233,382,233,382,254,361,254,unlabelled
 86,291,144,291,144,312,86,312,unlabelled
 74,311,359,311,359,329,74,329,unlabelled
 142,331,195,331,195,352,142,352,unlabelled
 238,331,268,331,268,349,238,349,unlabelled
 341,330,381,330,381,349,341,349,unlabelled
 72,370,132,370,132,394,72,394,unlabelled
 74,412,196,412,196,431,74,431,unlabelled
 356,411,381,411,381,431,356,431,unlabelled
 340,371,381,371,381,389,340,389,unlabelled
 77,432,187,432,187,450,77,450,unlabelled
 74,451,157,451,157,471,74,471,unlabelled
 350,431,379,431,379,450,350,450,unlabelled
 340,450,383,450,383,469,340,469,unlabelled
 74,492,112,492,112,527,74,527,unlabelled
 341,494,384,494,384,526,341,526,unlabelled
 74,529,180,529,180,552,74,552,unlabelled
 320,528,383,528,383,552,320,552,unlabelled
 73,551,131,551,131,585,73,585,unlabelled
 336,553,383,553,383,586,336,586,unlabelled
 73,648,360,648,360,667,73,667,unlabelled
 70,668,374,668,374,685,70,685,unlabelled
 70,687,165,687,165,706,70,706,unlabelled
 177,686,381,686,381,707,177,707,unlabelled
 71,708,128,708,128,726,71,726,unlabelled
 136,706,236,706,236,726,136,726,unlabelled
 70,726,260,726,260,744,70,744,unlabelled
 288,725,379,725,379,745,288,745,unlabelled
 74,747,148,747,148,765,74,765,unlabelled
 153,747,319,747,319,767,153,767,unlabelled
 90,767,258,767,258,787,90,787,unlabelled
 865,14,1198,14,1198,31,865,31,unlabelled
 436,243,456,243,456,270,436,270,unlabelled
