 31,71,307,71,307,105,31,105,unlabelled
 341,52,529,52,529,73,341,73,unlabelled
 398,112,620,112,620,145,398,145,unlabelled
 637,31,875,31,875,49,637,49,unlabelled
 138,164,249,164,249,181,138,181,unlabelled
 289,165,356,165,356,182,289,182,unlabelled
 203,184,309,184,309,202,203,202,unlabelled
 79,205,248,205,248,220,79,220,unlabelled
 479,185,652,185,652,203,479,203,unlabelled
 193,224,450,224,450,241,193,241,unlabelled
 380,241,531,241,531,259,380,259,unlabelled
 212,262,307,262,307,277,212,277,unlabelled
 341,261,417,261,417,278,341,278,unlabelled
 200,279,491,279,491,296,200,296,unlabelled
 100,296,616,296,616,317,100,317,unlabelled
 650,260,713,260,713,280,650,280,unlabelled
 653,298,750,298,750,317,653,317,unlabelled
 925,95,943,95,943,280,925,280,unlabelled
 946,34,967,34,967,338,946,338,unlabelled
 991,33,1011,33,1011,111,991,111,unlabelled
 993,188,1012,188,1012,314,993,314,unlabelled
 1018,186,1037,186,1037,314,1018,314,unlabelled
 1015,34,1034,34,1034,111,1015,111,unlabelled
 1059,32,1078,32,1078,92,1059,92,unlabelled
 1085,32,1105,32,1105,100,1085,100,unlabelled
 1109,28,1127,28,1127,80,1109,80,unlabelled
 1132,30,1152,30,1152,80,1132,80,unlabelled
 1156,29,1172,29,1172,128,1156,128,unlabelled
 1178,27,1197,27,1197,63,1178,63,unlabelled
 1063,243,1083,243,1083,338,1063,338,unlabelled
 1087,212,1107,212,1107,334,1087,334,unlabelled
 1109,212,1129,212,1129,333,1109,333,unlabelled
 1134,233,1153,233,1153,336,1134,336,unlabelled
 1157,242,1176,242,1176,339,1157,339,unlabelled
 1178,260,1198,260,1198,337,1178,337,unlabelled
 1200,61,1216,61,1216,332,1200,332,unlabelled
 920,477,998,477,998,520,920,520,unlabelled
 879,530,1047,530,1047,571,879,571,unlabelled
 162,464,363,464,363,505,162,505,unlabelled
 326,526,466,526,466,547,326,547,unlabelled
 85,569,462,569,462,615,85,615,unlabelled
 115,642,389,642,389,680,115,680,unlabelled
 47,707,91,707,91,730,47,730,unlabelled
 47,756,129,756,129,778,47,778,unlabelled
 167,757,259,757,259,779,167,779,unlabelled
 397,753,472,753,472,773,397,773,unlabelled
 49,801,153,801,153,822,49,822,unlabelled
 170,802,259,802,259,823,170,823,unlabelled
 417,799,468,799,468,821,417,821,unlabelled
 48,825,59,825,59,846,48,846,unlabelled
 455,823,466,823,466,842,455,842,unlabelled
 50,871,95,871,95,889,50,889,unlabelled
 53,895,299,895,299,915,53,915,unlabelled
 51,942,232,942,232,963,51,963,unlabelled
 48,965,443,965,443,982,48,982,unlabelled
 52,987,227,987,227,1008,52,1008,unlabelled
 51,1038,140,1038,140,1056,51,1056,unlabelled
 260,1038,367,1038,367,1057,260,1057,unlabelled
 54,1087,452,1087,452,1106,54,1106,unlabelled
 49,1109,301,1109,301,1129,49,1129,unlabelled
 161,1324,252,1324,252,1339,161,1339,unlabelled
 165,1345,253,1345,253,1363,165,1363,unlabelled
 113,1366,199,1366,199,1382,113,1382,unlabelled
 216,1365,302,1365,302,1383,216,1383,unlabelled
 120,1386,303,1386,303,1402,120,1402,unlabelled
 136,1406,279,1406,279,1425,136,1425,unlabelled
 119,1427,136,1427,136,1443,119,1443,unlabelled
 170,1427,209,1427,209,1443,170,1443,unlabelled
 66,1447,156,1447,156,1463,66,1463,unlabelled
 298,1450,339,1450,339,1464,298,1464,unlabelled
 294,1467,349,1467,349,1483,294,1483,unlabelled
 66,1525,191,1525,191,1546,66,1546,unlabelled
 289,1529,332,1529,332,1545,289,1545,unlabelled
 189,1567,224,1567,224,1585,189,1585,unlabelled
 68,1585,101,1585,101,1608,68,1608,unlabelled
 65,1607,100,1607,100,1626,65,1626,unlabelled
 262,1589,347,1589,347,1607,262,1607,unlabelled
 305,1609,348,1609,348,1625,305,1625,unlabelled
 752,618,928,618,928,639,752,639,unlabelled
 754,714,930,714,930,736,754,736,unlabelled
 1125,710,1173,710,1173,731,1125,731,unlabelled
 1169,732,1180,732,1180,752,1169,752,unlabelled
 1102,782,1165,782,1165,802,1102,802,unlabelled
 1154,804,1175,804,1175,823,1154,823,unlabelled
 1154,827,1173,827,1173,848,1154,848,unlabelled
 1103,855,1178,855,1178,873,1103,873,unlabelled
 1107,902,1177,902,1177,921,1107,921,unlabelled
 1147,927,1179,927,1179,946,1147,946,unlabelled
 1062,1023,1180,1023,1180,1041,1062,1041,unlabelled
 1109,1048,1182,1048,1182,1066,1109,1066,unlabelled
 1152,1071,1182,1071,1182,1091,1152,1091,unlabelled
 1152,1096,1183,1096,1183,1115,1152,1115,unlabelled
 1123,1168,1155,1168,1155,1191,1123,1191,unlabelled
 1006,1194,1046,1194,1046,1217,1006,1217,unlabelled
 774,1153,804,1153,804,1173,774,1173,unlabelled
 772,1177,802,1177,802,1197,772,1197,unlabelled
 840,1151,876,1151,876,1169,840,1169,unlabelled
 841,1175,885,1175,885,1194,841,1194,unlabelled
 770,1106,834,1106,834,1125,770,1125,unlabelled
 769,1080,828,1080,828,1100,769,1100,unlabelled
 771,1055,831,1055,831,1077,771,1077,unlabelled
 763,1030,841,1030,841,1053,763,1053,unlabelled
 768,959,883,959,883,978,768,978,unlabelled
 1109,948,1169,948,1169,971,1109,971,unlabelled
 752,668,932,668,932,687,752,687,unlabelled
 994,661,994,661,994,661,994,661,unlabelled
 754,787,947,787,947,809,754,809,unlabelled
 883,847,883,847,883,847,883,847,unlabelled
 753,813,863,813,863,829,753,829,unlabelled
 754,836,870,836,870,858,754,858,unlabelled
 766,862,862,862,862,882,766,882,unlabelled
 994,786,1008,786,1008,806,994,806,unlabelled
 1005,810,1017,810,1017,825,1005,825,unlabelled
 1006,833,1015,833,1015,850,1006,850,unlabelled
 758,910,819,910,819,931,758,931,unlabelled
 757,935,899,935,899,956,757,956,unlabelled
 751,642,1152,642,1152,663,751,663,unlabelled
 907,874,907,874,907,874,907,874,unlabelled
 901,923,901,923,901,923,901,923,unlabelled
 575,365,603,365,603,400,575,400,unlabelled
 515,949,554,949,554,990,515,990,unlabelled
 413,1472,443,1472,443,1511,413,1511,unlabelled
