 151,150,344,150,344,201,151,201,unlabelled
 704,196,731,196,731,225,704,225,unlabelled
 790,172,815,172,815,193,790,193,unlabelled
 737,203,956,203,956,232,737,232,unlabelled
 388,193,670,193,670,233,388,233,unlabelled
 258,261,280,261,280,284,258,284,unlabelled
 151,341,378,341,378,359,151,359,unlabelled
 409,332,836,332,836,364,409,364,unlabelled
 404,365,490,365,490,382,404,382,unlabelled
 157,393,226,393,226,408,157,408,unlabelled
 158,431,223,431,223,450,158,450,unlabelled
 159,469,272,469,272,489,159,489,unlabelled
 161,518,256,518,256,534,161,534,unlabelled
 462,461,645,461,645,482,462,482,unlabelled
 407,416,538,416,538,448,407,448,unlabelled
 405,381,704,381,704,399,405,399,unlabelled
 542,405,740,405,740,452,542,452,unlabelled
 709,300,728,300,728,323,709,323,unlabelled
 797,649,941,649,941,668,797,668,unlabelled
 728,671,965,671,965,688,728,688,unlabelled
 731,692,921,692,921,711,731,711,unlabelled
 726,713,797,713,797,731,726,731,unlabelled
 942,709,1010,709,1010,725,942,725,unlabelled
 906,739,1011,739,1011,756,906,756,unlabelled
 728,742,786,742,786,742,728,742,unlabelled
 726,742,803,742,803,760,726,760,unlabelled
 728,780,765,780,765,801,728,801,unlabelled
 842,776,1012,776,1012,800,842,800,unlabelled
 798,803,943,803,943,816,798,816,unlabelled
 745,817,1003,817,1003,837,745,837,unlabelled
 731,840,1010,840,1010,854,731,854,unlabelled
 804,859,967,859,967,876,804,876,unlabelled
 805,875,936,875,936,889,805,889,unlabelled
 733,890,995,890,995,909,733,909,unlabelled
 409,285,690,285,690,330,409,330,unlabelled
 1093,241,1118,241,1118,266,1093,266,unlabelled
 1109,724,1129,724,1129,759,1109,759,unlabelled
