 101,136,292,136,292,177,101,177,unlabelled
 142,180,250,180,250,198,142,198,unlabelled
 252,204,335,204,335,224,252,224,unlabelled
 290,227,323,227,323,243,290,243,unlabelled
 148,227,207,227,207,245,148,245,unlabelled
 54,226,96,226,96,248,54,248,unlabelled
 52,249,142,249,142,271,52,271,unlabelled
 149,252,252,252,252,269,149,269,unlabelled
 155,276,250,276,250,295,155,295,unlabelled
 53,297,154,297,154,318,53,318,unlabelled
 168,298,238,298,238,320,168,320,unlabelled
 52,321,153,321,153,342,52,342,unlabelled
 160,322,250,322,250,342,160,342,unlabelled
 52,345,152,345,152,363,52,363,unlabelled
 155,348,215,348,215,367,155,367,unlabelled
 156,370,225,370,225,387,156,387,unlabelled
 46,368,151,368,151,388,46,388,unlabelled
 51,392,153,392,153,410,51,410,unlabelled
 157,395,226,395,226,409,157,409,unlabelled
 47,416,150,416,150,436,47,436,unlabelled
 155,416,213,416,213,434,155,434,unlabelled
 46,438,150,438,150,457,46,457,unlabelled
 155,435,324,435,324,457,155,457,unlabelled
 154,461,316,461,316,481,154,481,unlabelled
 45,463,149,463,149,483,45,483,unlabelled
 48,486,149,486,149,506,48,506,unlabelled
 57,511,264,511,264,529,57,529,unlabelled
 46,529,148,529,148,551,46,551,unlabelled
 154,532,305,532,305,550,154,550,unlabelled
 508,115,652,115,652,150,508,150,unlabelled
 651,95,721,95,721,115,651,115,unlabelled
 443,174,635,174,635,195,443,195,unlabelled
 440,197,478,197,478,213,440,213,unlabelled
 547,195,580,195,580,213,547,213,unlabelled
 457,215,494,215,494,232,457,232,unlabelled
 657,213,724,213,724,235,657,235,unlabelled
 457,253,546,253,546,277,457,277,unlabelled
 657,256,724,256,724,276,657,276,unlabelled
 591,293,724,293,724,316,591,316,unlabelled
 439,297,476,297,476,319,439,319,unlabelled
 445,360,562,360,562,372,445,372,unlabelled
 448,381,717,381,717,406,448,406,unlabelled
 444,417,725,417,725,433,444,433,unlabelled
 448,434,740,434,740,460,448,460,unlabelled
 443,463,633,463,633,490,443,490,unlabelled
 868,15,1173,15,1173,37,868,37,unlabelled
 53,580,136,580,136,601,53,601,unlabelled
 244,576,322,576,322,598,244,598,unlabelled
 183,604,321,604,321,644,183,644,unlabelled
 44,604,134,604,134,643,44,643,unlabelled
 43,672,207,672,207,693,43,693,unlabelled
 42,697,202,697,202,718,42,718,unlabelled
 39,720,158,720,158,741,39,741,unlabelled
 52,750,310,750,310,771,52,771,unlabelled
 40,777,318,777,318,817,40,817,unlabelled
 87,819,273,819,273,835,87,835,unlabelled
 87,845,274,845,274,861,87,861,unlabelled
 36,865,322,865,322,880,36,880,unlabelled
 71,895,282,895,282,915,71,915,unlabelled
 43,914,97,914,97,933,43,933,unlabelled
 128,925,313,925,313,947,128,947,unlabelled
 128,955,310,955,310,979,128,979,unlabelled
 42,951,95,951,95,965,42,965,unlabelled
 131,948,131,948,131,948,131,948,unlabelled
 33,930,120,930,120,947,33,947,unlabelled
 35,965,105,965,105,982,35,982,unlabelled
 89,1018,166,1018,166,1042,89,1042,unlabelled
 153,1043,309,1043,309,1073,153,1073,unlabelled
 95,1081,282,1081,282,1105,95,1105,unlabelled
 45,1111,287,1111,287,1134,45,1134,unlabelled
 77,1140,261,1140,261,1164,77,1164,unlabelled
 224,1169,310,1169,310,1190,224,1190,unlabelled
 27,1198,69,1198,69,1219,27,1219,unlabelled
 85,1199,232,1199,232,1223,85,1223,unlabelled
 251,1199,309,1199,309,1220,251,1220,unlabelled
 261,1229,295,1229,295,1244,261,1244,unlabelled
 120,1231,179,1231,179,1247,120,1247,unlabelled
 26,1227,71,1227,71,1249,26,1249,unlabelled
 37,1259,116,1259,116,1277,37,1277,unlabelled
 224,1257,303,1257,303,1276,224,1276,unlabelled
 23,1286,116,1286,116,1327,23,1327,unlabelled
 164,1287,301,1287,301,1325,164,1325,unlabelled
 36,1337,291,1337,291,1360,36,1360,unlabelled
 20,1369,301,1369,301,1404,20,1404,unlabelled
 69,1412,254,1412,254,1429,69,1429,unlabelled
 61,1483,267,1483,267,1504,61,1504,unlabelled
 20,1457,298,1457,298,1472,20,1472,unlabelled
 70,1434,259,1434,259,1454,70,1454,unlabelled
 115,1516,302,1516,302,1536,115,1536,unlabelled
 110,1546,299,1546,299,1570,110,1570,unlabelled
 29,1506,81,1506,81,1520,29,1520,unlabelled
 19,1520,105,1520,105,1537,19,1537,unlabelled
 30,1541,82,1541,82,1554,30,1554,unlabelled
 22,1557,89,1557,89,1573,22,1573,unlabelled
 481,1653,660,1653,660,1676,481,1676,unlabelled
 791,239,815,239,815,269,791,269,unlabelled
 410,748,441,748,441,789,410,789,unlabelled
