 63,410,257,410,257,453,63,453,unlabelled
 206,604,230,604,230,626,206,626,unlabelled
 203,637,271,637,271,663,203,663,unlabelled
 283,625,585,625,585,676,283,676,unlabelled
 619,634,864,634,864,660,619,660,unlabelled
 148,718,189,718,189,740,148,740,unlabelled
 49,747,105,747,105,769,49,769,unlabelled
 148,745,220,745,220,769,148,769,unlabelled
 682,733,720,733,720,748,682,748,unlabelled
 147,775,314,775,314,801,147,801,unlabelled
 48,785,106,785,106,811,48,811,unlabelled
 93,867,272,867,272,904,93,904,unlabelled
 726,861,760,861,760,894,726,894,unlabelled
 815,875,841,875,841,893,815,893,unlabelled
 998,928,1204,928,1204,960,998,960,unlabelled
 1000,964,1184,964,1184,996,1000,996,unlabelled
 202,1039,222,1039,222,1059,202,1059,unlabelled
 507,1082,726,1082,726,1106,507,1106,unlabelled
 156,1139,178,1139,178,1159,156,1159,unlabelled
 207,1137,233,1137,233,1159,207,1159,unlabelled
 157,1172,231,1172,231,1194,157,1194,unlabelled
 46,1191,68,1191,68,1209,46,1209,unlabelled
 95,1190,115,1190,115,1208,95,1208,unlabelled
 151,1204,249,1204,249,1226,151,1226,unlabelled
 267,1207,291,1207,291,1227,267,1227,unlabelled
 88,1232,115,1232,115,1256,88,1256,unlabelled
 48,1228,74,1228,74,1248,48,1248,unlabelled
 147,1262,249,1262,249,1282,147,1282,unlabelled
 453,1256,509,1256,509,1278,453,1278,unlabelled
 79,1325,262,1325,262,1357,79,1357,unlabelled
 709,1331,751,1331,751,1363,709,1363,unlabelled
 817,1333,911,1333,911,1365,817,1365,unlabelled
 762,1344,792,1344,792,1364,762,1364,unlabelled
 187,1482,209,1482,209,1502,187,1502,unlabelled
 524,1519,746,1519,746,1543,524,1543,unlabelled
 138,1550,224,1550,224,1578,138,1578,unlabelled
 234,1564,337,1564,337,1584,234,1584,unlabelled
 475,1573,693,1573,693,1622,475,1622,unlabelled
 213,1596,317,1596,317,1618,213,1618,unlabelled
 43,1619,67,1619,67,1641,43,1641,unlabelled
 90,1618,110,1618,110,1638,90,1638,unlabelled
 188,1622,224,1622,224,1647,188,1647,unlabelled
 234,1631,338,1631,338,1653,234,1653,unlabelled
 477,1630,810,1630,810,1662,477,1662,unlabelled
 210,1658,316,1658,316,1682,210,1682,unlabelled
 91,1661,113,1661,113,1683,91,1683,unlabelled
 41,1662,65,1662,65,1684,41,1684,unlabelled
 618,1664,810,1664,810,1691,618,1691,unlabelled
 497,1694,763,1694,763,1727,497,1727,unlabelled
 33,1710,136,1710,136,1725,33,1725,unlabelled
 156,195,174,195,174,267,156,267,unlabelled
 157,301,176,301,176,337,157,337,unlabelled
 173,283,195,283,195,321,173,321,unlabelled
 252,1030,495,1030,495,1057,252,1057,unlabelled
 747,1571,800,1571,800,1616,747,1616,unlabelled
 255,53,281,53,281,194,255,194,unlabelled
 218,50,242,50,242,125,218,125,unlabelled
 177,48,200,48,200,123,177,123,unlabelled
 57,57,79,57,79,126,57,126,unlabelled
 78,121,115,121,115,264,78,264,unlabelled
 400,59,425,59,425,308,400,308,unlabelled
 357,55,386,55,386,316,357,316,unlabelled
 321,98,345,98,345,333,321,333,unlabelled
 134,144,155,144,155,336,134,336,unlabelled
 250,301,279,301,279,338,250,338,unlabelled
 211,227,239,227,239,317,211,317,unlabelled
 337,855,637,855,637,904,337,904,unlabelled
 1013,508,1191,508,1191,541,1013,541,unlabelled
 1008,546,1166,546,1166,575,1008,575,unlabelled
 726,452,809,452,809,497,726,497,unlabelled
 950,3,1208,3,1208,30,950,30,unlabelled
 519,733,519,733,519,733,519,733,unlabelled
 429,1158,584,1158,584,1189,429,1189,unlabelled
 841,1247,841,1247,841,1247,841,1247,unlabelled
 338,1337,594,1337,594,1392,338,1392,unlabelled
 218,1393,556,1393,556,1460,218,1460,unlabelled
 265,1517,504,1517,504,1555,265,1555,unlabelled
 901,749,901,749,901,749,901,749,unlabelled
 865,738,865,738,865,738,865,738,unlabelled
 607,731,607,731,607,731,607,731,unlabelled
 666,1238,780,1238,780,1261,666,1261,unlabelled
 591,1156,789,1156,789,1199,591,1199,unlabelled
 533,700,875,700,875,729,533,729,unlabelled
 519,731,519,731,519,731,519,731,unlabelled
 517,748,669,748,669,783,517,783,unlabelled
 680,753,873,753,873,794,680,794,unlabelled
 516,792,876,792,876,822,516,822,unlabelled
 287,952,577,952,577,1028,287,1028,unlabelled
 433,1210,798,1210,798,1235,433,1235,unlabelled
 636,1275,636,1275,636,1275,636,1275,unlabelled
 641,1273,641,1273,641,1273,641,1273,unlabelled
 641,1280,641,1280,641,1280,641,1280,unlabelled
 638,1278,638,1278,638,1278,638,1278,unlabelled
 526,1259,754,1259,754,1286,526,1286,unlabelled
 1053,362,1078,362,1078,393,1053,393,unlabelled
 514,142,538,142,538,167,514,167,unlabelled
 229,513,622,513,622,601,229,601,unlabelled
 276,428,689,428,689,507,276,507,unlabelled
 1030,882,1054,882,1054,920,1030,920,unlabelled
 1015,1321,1040,1321,1040,1350,1015,1350,unlabelled
 238,1074,496,1074,496,1119,238,1119,unlabelled
