 790,49,1165,49,1165,73,790,73,unlabelled
 177,266,268,266,268,286,177,286,unlabelled
 176,286,270,286,270,305,176,305,unlabelled
 126,308,218,308,218,325,126,325,unlabelled
 231,309,320,309,320,326,231,326,unlabelled
 138,329,317,329,317,349,138,349,unlabelled
 152,351,295,351,295,369,152,369,unlabelled
 131,372,153,372,153,389,131,389,unlabelled
 184,371,225,371,225,387,184,387,unlabelled
 79,392,171,392,171,410,79,410,unlabelled
 313,390,357,390,357,406,313,406,unlabelled
 308,414,366,414,366,430,308,430,unlabelled
 81,474,218,474,218,493,81,493,unlabelled
 82,510,209,510,209,530,82,530,unlabelled
 289,491,348,491,348,511,289,511,unlabelled
 306,516,349,516,349,529,306,529,unlabelled
 206,554,247,554,247,573,206,573,unlabelled
 84,575,120,575,120,593,84,593,unlabelled
 83,595,120,595,120,613,83,613,unlabelled
 83,615,119,615,119,633,83,633,unlabelled
 248,574,365,574,365,592,248,592,unlabelled
 306,595,367,595,367,611,306,611,unlabelled
 325,615,369,615,369,632,325,632,unlabelled
 557,265,646,265,646,284,557,284,unlabelled
 557,286,646,286,646,304,557,304,unlabelled
 506,303,593,303,593,320,506,320,unlabelled
 611,302,699,302,699,319,611,319,unlabelled
 510,324,699,324,699,341,510,341,unlabelled
 530,344,673,344,673,362,530,362,unlabelled
 512,366,532,366,532,384,512,384,unlabelled
 565,364,603,364,603,381,565,381,unlabelled
 460,385,551,385,551,404,460,404,unlabelled
 691,385,737,385,737,399,691,399,unlabelled
 691,405,744,405,744,420,691,420,unlabelled
 462,467,586,467,586,485,462,485,unlabelled
 461,488,587,488,587,505,461,505,unlabelled
 682,465,727,465,727,484,682,484,unlabelled
 684,486,728,486,728,505,684,505,unlabelled
 584,527,624,527,624,548,584,548,unlabelled
 661,545,746,545,746,564,661,564,unlabelled
 686,567,748,567,748,583,686,583,unlabelled
 701,587,746,587,746,606,701,606,unlabelled
 461,546,498,546,498,564,461,564,unlabelled
 461,566,498,566,498,587,461,587,unlabelled
 461,589,502,589,502,605,461,605,unlabelled
 882,226,1121,226,1121,267,882,267,unlabelled
 814,279,923,279,923,296,814,296,unlabelled
 813,297,1094,297,1094,316,813,316,unlabelled
 809,334,865,334,865,354,809,354,unlabelled
 872,334,987,334,987,351,872,351,unlabelled
 816,372,1056,372,1056,389,816,389,unlabelled
 812,392,910,392,910,406,812,406,unlabelled
 1044,388,1121,388,1121,405,1044,405,unlabelled
 901,408,1038,408,1038,427,901,427,unlabelled
 811,427,953,427,953,444,811,444,unlabelled
 899,443,1011,443,1011,463,899,463,unlabelled
 1059,443,1123,443,1123,460,1059,460,unlabelled
 1047,460,1124,460,1124,477,1047,477,unlabelled
 1045,479,1123,479,1123,495,1045,495,unlabelled
 1086,499,1122,499,1122,514,1086,514,unlabelled
 817,461,909,461,909,482,817,482,unlabelled
 816,484,913,484,913,501,816,501,unlabelled
 816,499,914,499,914,519,816,519,unlabelled
 835,739,1138,739,1138,778,835,778,unlabelled
 838,781,1109,781,1109,802,838,802,unlabelled
 862,804,1121,804,1121,822,862,822,unlabelled
 926,845,1053,845,1053,868,926,868,unlabelled
 836,888,994,888,994,907,836,907,unlabelled
 1053,863,1146,863,1146,885,1053,885,unlabelled
 1026,886,1150,886,1150,903,1026,903,unlabelled
 840,910,927,910,927,926,840,926,unlabelled
 998,902,1148,902,1148,921,998,921,unlabelled
 836,958,904,958,904,987,836,987,unlabelled
 841,997,886,997,886,1015,841,1015,unlabelled
 998,957,1148,957,1148,990,998,990,unlabelled
 1088,994,1147,994,1147,1008,1088,1008,unlabelled
 1046,1010,1152,1010,1152,1026,1046,1026,unlabelled
 322,747,573,747,573,780,322,780,unlabelled
 162,797,441,797,441,843,162,843,unlabelled
 480,798,746,798,746,829,480,829,unlabelled
 289,880,564,880,564,931,289,931,unlabelled
 405,947,532,947,532,986,405,986,unlabelled
 233,947,263,947,263,974,233,974,unlabelled
 230,984,549,984,549,1007,230,1007,unlabelled
 124,1011,141,1011,141,1029,124,1029,unlabelled
 176,1009,196,1009,196,1030,176,1030,unlabelled
 170,1044,265,1044,265,1060,170,1060,unlabelled
 121,1037,151,1037,151,1054,121,1054,unlabelled
 141,1078,159,1078,159,1094,141,1094,unlabelled
 167,1075,244,1075,244,1092,167,1092,unlabelled
 120,1101,152,1101,152,1118,120,1118,unlabelled
 169,1107,266,1107,266,1126,169,1126,unlabelled
 169,1140,244,1140,244,1156,169,1156,unlabelled
 142,1142,159,1142,159,1156,142,1156,unlabelled
 115,1177,150,1177,150,1191,115,1191,unlabelled
 164,1177,219,1177,219,1193,164,1193,unlabelled
 603,1043,752,1043,752,1101,603,1101,unlabelled
 477,1058,585,1058,585,1089,477,1089,unlabelled
 453,1109,773,1109,773,1134,453,1134,unlabelled
 488,1133,728,1133,728,1160,488,1160,unlabelled
 1007,1049,1030,1049,1030,1075,1007,1075,unlabelled
 241,146,268,146,268,176,241,176,unlabelled
 567,142,599,142,599,172,567,172,unlabelled
 839,143,873,143,873,170,839,170,unlabelled
